7 0.260909 0.240554 0.006488 0.048330
7 0.568603 0.264170 0.003398 0.050527
7 0.578652 0.231910 0.002794 0.033621
7 0.582520 0.245920 0.003653 0.040749
7 0.739295 0.231718 0.003868 0.037060
7 0.780880 0.269924 0.004513 0.053870
7 0.805487 0.211851 0.003868 0.026362
7 0.840403 0.250248 0.004525 0.046611
7 0.841269 0.307393 0.005803 0.070627
3 0.525044 0.634831 0.173928 0.730338
3 0.807743 0.293421 0.059100 0.151295
3 0.917024 0.325323 0.087682 0.271644
3 0.967431 0.384542 0.065138 0.202873
3 0.531531 0.253185 0.040470 0.102153
5 0.701443 0.302340 0.094224 0.300417