3 0.213675 0.618708 0.216880 0.493827
3 0.017094 0.526116 0.034188 0.295347
3 0.298344 0.396961 0.069979 0.152896
3 0.471421 0.345679 0.021902 0.114910
3 0.630876 0.383191 0.038462 0.150047
3 0.550214 0.350902 0.035256 0.091168
3 0.502938 0.342355 0.024038 0.062678
0 0.935096 0.330484 0.042201 0.078822
0 0.396368 0.344729 0.028846 0.086420
7 0.444979 0.346154 0.007479 0.043685
7 0.661058 0.384141 0.011218 0.053181
7 0.487179 0.378917 0.007479 0.037037
7 0.381944 0.396011 0.017094 0.105413
5 0.381143 0.238367 0.081731 0.118708