0 0.851834 0.391851 0.024531 0.088524
3 0.152970 0.382250 0.064257 0.231400
3 0.273110 0.388352 0.020046 0.049307
3 0.564105 0.394248 0.021363 0.058470
3 0.567348 0.495265 0.067553 0.197715
3 0.770276 0.375090 0.012632 0.033522
3 0.771766 0.490064 0.073573 0.253481
7 0.254711 0.465812 0.006865 0.094967
7 0.367162 0.408123 0.004394 0.033197
7 0.498011 0.548721 0.005767 0.110330
7 0.559982 0.462013 0.003992 0.043685
7 0.605704 0.413005 0.003802 0.031770
7 0.668250 0.478234 0.004563 0.064215
7 0.794167 0.142388 0.001831 0.034173