3 0.405182 0.367167 0.013355 0.032049
3 0.308697 0.364236 0.033612 0.093146
3 0.738280 0.371529 0.031239 0.100527
3 0.813115 0.478910 0.082843 0.235852
3 0.716630 0.464499 0.077702 0.244991
3 0.573385 0.411599 0.052592 0.108963
3 0.483425 0.456942 0.072364 0.210193
7 0.873221 0.135852 0.003361 0.029174
7 0.652373 0.434259 0.003361 0.043257
7 0.670365 0.392970 0.004152 0.029525
7 0.333040 0.415155 0.006179 0.056333
7 0.391481 0.405316 0.004430 0.038225
10 0.602054 0.491507 0.104789 0.098656
5 0.431574 0.407882 0.055656 0.207028