3 0.405182 0.364198 0.013355 0.037987
3 0.307425 0.374644 0.031517 0.127255
3 0.739316 0.358500 0.030983 0.074074
3 0.817041 0.484805 0.066774 0.239316
3 0.717147 0.471035 0.050748 0.247863
3 0.570513 0.404558 0.037393 0.101614
3 0.488248 0.466762 0.048077 0.227920
7 0.873130 0.159069 0.009081 0.053181
7 0.652778 0.442545 0.009615 0.059829
7 0.669872 0.393162 0.009615 0.042735
7 0.333066 0.418803 0.009081 0.063628
7 0.390224 0.407407 0.006944 0.050332
10 0.595887 0.499050 0.126603 0.083571
5 0.434295 0.407882 0.050214 0.207028