7 0.416934 0.315290 0.009081 0.082621
7 0.524306 0.286800 0.006944 0.071225
7 0.665064 0.437797 0.020299 0.128205
7 0.697115 0.294872 0.012821 0.070275
7 0.706464 0.254986 0.009081 0.053181
7 0.797009 0.342355 0.017094 0.094967
7 0.856036 0.334283 0.014423 0.092118
7 0.893429 0.284425 0.014423 0.068376
3 0.375801 0.325261 0.077457 0.210826
3 0.059028 0.481956 0.118056 0.275404
3 0.619925 0.253086 0.027244 0.083571
3 0.685897 0.267331 0.019231 0.117759
3 0.624733 0.377968 0.068910 0.238367
5 0.587073 0.216524 0.026709 0.124406