7 0.262553 0.245489 0.016560 0.064577
7 0.569444 0.264482 0.009615 0.058879
7 0.576656 0.233618 0.004808 0.046534
7 0.581731 0.251662 0.006410 0.052232
7 0.740652 0.228870 0.009081 0.054131
7 0.780449 0.270655 0.011752 0.080722
7 0.803686 0.212251 0.005876 0.049383
7 0.840812 0.252137 0.005342 0.068376
7 0.838141 0.331434 0.013889 0.118708
3 0.520032 0.628443 0.193910 0.743114
3 0.811699 0.292498 0.044338 0.150997
3 0.911325 0.315290 0.082265 0.280152
3 0.966346 0.373694 0.063034 0.208927
3 0.529113 0.252612 0.051816 0.111111
5 0.698451 0.306743 0.100962 0.318139