3 0.111378 0.264008 0.038996 0.122507
3 0.775908 0.340931 0.073184 0.293447
3 0.839209 0.427350 0.095085 0.407407
3 0.507746 0.428300 0.086004 0.236467
0 0.871261 0.236467 0.030983 0.122507
0 0.513088 0.270655 0.060363 0.139601
7 0.657853 0.368946 0.013355 0.112061
7 0.891293 0.285375 0.012286 0.089269
7 0.560096 0.280152 0.016560 0.094017
7 0.499733 0.305318 0.009081 0.028490
7 0.398771 0.463438 0.021902 0.073124
7 0.236111 0.268756 0.020299 0.088319
7 0.124466 0.320513 0.017094 0.131054
7 0.032853 0.363723 0.029380 0.150997
2 0.142628 0.310066 0.072650 0.241216